Decimal - 0, 1, 2, 3, 4, 5, 6, 7, 8, 9
|0|0|0|0|
|0|0|0|1|
|0|0|0|0|
|0|0|0|2|
|0|0|0|3|
|0|0|0|4|
|0|0|0|5|
|0|0|0|6|
|0|0|0|7|
|0|0|0|8|
|0|0|0|9|
|0|0|1|0|
|0|0|1|1|
|0|0|1|2|
|0|0|1|3|
|0|0|1|4|
+++++++++++++++
Binary - 0, 1
|0|0|0|0|  |0|0|0|0|
|0|0|0|1|  |0|0|0|1|
|0|0|0|2|  |0|0|1|0|
|0|0|0|3|  |0|0|1|1|
|0|0|0|4|  |0|1|0|0|
|0|0|0|5|  |0|1|0|1|
|0|0|0|6|  |0|1|1|0|
|0|0|0|7|  |0|1|1|1|
|0|0|0|8|  |1|0|0|0|
|0|0|0|9|  |1|0|0|1|
|0|0|1|0|  |1|0|1|0|
|0|0|1|1|  |1|0|1|1|
|0|0|1|2|  |1|1|0|0|
|0|0|1|3|  |1|1|0|1|
|0|0|1|4|  |1|1|1|0|
|0|0|1|5|  |1|1|1|1|
+++++++++++++++
Hexdecimal - 0, 1, 2, 3, 4, 5, 6, 7, 8, 9, A, B, C, D, E, F
|0|0|0|0|  |0|0|0|0|  |0|0|0|0|
|0|0|0|1|  |0|0|0|1|  |0|0|0|1|
|0|0|0|2|  |0|0|1|0|  |0|0|0|2|
|0|0|0|3|  |0|0|1|1|  |0|0|0|3|
|0|0|0|4|  |0|1|0|0|  |0|0|0|4|
|0|0|0|5|  |0|1|0|1|  |0|0|0|5|
|0|0|0|6|  |0|1|1|0|  |0|0|0|6|
|0|0|0|7|  |0|1|1|1|  |0|0|0|7|
|0|0|0|8|  |1|0|0|0|  |0|0|0|8|
|0|0|0|9|  |1|0|0|1|  |0|0|0|9|
|0|0|1|0|  |1|0|1|0|  |0|0|0|A|
|0|0|1|1|  |1|0|1|1|  |0|0|0|B|
|0|0|1|2|  |1|1|0|0|  |0|0|0|C|
|0|0|1|3|  |1|1|0|1|  |0|0|0|D|
|0|0|1|4|  |1|1|1|0|  |0|0|0|E|
|0|0|1|5|  |1|1|1|1|  |0|0|0|F|
+++++++++++++++++
Octal - 0, 1, 2, 3, 4, 5, 6, 7
|0|0|0|0|  |0|0|0|0|  |0|0|0|0|  |0|0|0|0|
|0|0|0|1|  |0|0|0|1|  |0|0|0|1|  |0|0|0|1|
|0|0|0|2|  |0|0|1|0|  |0|0|0|2|  |0|0|0|2|
|0|0|0|3|  |0|0|1|1|  |0|0|0|3|  |0|0|0|3|
|0|0|0|4|  |0|1|0|0|  |0|0|0|4|  |0|0|0|4|
|0|0|0|5|  |0|1|0|1|  |0|0|0|5|  |0|0|0|5|
|0|0|0|6|  |0|1|1|0|  |0|0|0|6|  |0|0|0|6|
|0|0|0|7|  |0|1|1|1|  |0|0|0|7|  |0|0|0|7|
|0|0|0|8|  |1|0|0|0|  |0|0|0|8|  |0|0|1|0|
|0|0|0|9|  |1|0|0|1|  |0|0|0|9|  |0|0|1|1|
|0|0|1|0|  |1|0|1|0|  |0|0|0|A|  |0|0|1|2|
|0|0|1|1|  |1|0|1|1|  |0|0|0|B|  |0|0|1|3|
|0|0|1|2|  |1|1|0|0|  |0|0|0|C|  |0|0|1|4|
|0|0|1|3|  |1|1|0|1|  |0|0|0|D|  |0|0|1|5|
|0|0|1|4|  |1|1|1|0|  |0|0|0|E|  |0|0|1|6|
|0|0|1|5|  |1|1|1|1|  |0|0|0|F|  |0|0|1|7|

0x10

0xF == 1111
       0xFF == 1111 1111 - divi hex cipari aizòem vienu baitu
 jaunâkais pusbaits  vecâkais pusbaits
+++++++++++++++++++++++
dec to bin
123 (dec) - 0111 1011 (bin)
 base 10    base 2

123 / 2 = 61 (1) ^
61 / 2 = 30  (1) |
30 / 2 = 15  (0) |
15 / 2 = 7   (1) |
7 / 2 = 3    (1) |
3 / 2 = 1    (1) |
1 / 2 = 0    (1) |
---------------------
bin to dec
1  1  1  1  0  1  1
6. 5. 4. 3. 2. 1. 0.

1*2^0 + 1*2^1 + 0*2^2 + 1*2^3 + 1*2^4 + 1*2^5 + 1*2^6 = 1*1 + 1*2 + 0*4 + 1*8 + 1*16 + 1*32 + 1*64 = 123
==========================
dec to hex
123 (dec) - 7B (hex)
 base 10     base 16

123 / 16 = 7 (11) ^
7 / 16 = 0   (7)  |
---------------------
hex to dec
7    B
7    11
1.   0.

11*16^0 + 7*16^1 = 11*1 + 7*16 = 123
==========================
dec to oct
123 (dec) - 173 (oct)
 base 10    base 8

123 / 8 = 15 (3)
15 / 8 = 1   (7)
1 / 8 = 0    (1)
---------------------
oct to dec 
1  7  3
2. 1. 0.

3*8^0 + 7*8^1 + 1*8^2 = 123
==========================
hex to bin

               A    F    0    1
0xAF01 ---- > ---- ---- ---- ----
              1010 1111 0000 0001

==========================
bin to hex
                       0100 0110 1110 1011
100011011101011 -----> ---- ---- ---- ----
                        4    6    E    B
                       
==========================
oct to bin

157 ----> 001 101 111

==========================
bin to oct

001 101 000 100 110 -----> 15046
